1.000000000 0.000000000 0.000000000 0.000000000 0.000000000 1.000000000 0.000000000 0.000000000 0.000000000 0.000000000 1.000000000 0.000000000
0.999996305 0.001925828 0.001918504 0.001468188 -0.001927037 0.999997973 0.000628541 -0.237052321 -0.001917289 -0.000632236 0.999997973 1.859052658
0.999988377 0.003493703 0.003318333 0.013650601 -0.003498379 0.999992907 0.001404566 -0.489619881 -0.003313402 -0.001416158 0.999993503 3.741098404
0.999968410 0.005568922 0.005672897 0.025944589 -0.005578751 0.999982953 0.001718299 -0.740880609 -0.005663231 -0.001749892 0.999982417 5.609861374
0.999943972 0.007678940 0.007288234 0.031753369 -0.007687541 0.999969780 0.001152834 -0.984019578 -0.007279161 -0.001208798 0.999972761 7.509996891
0.999924779 0.007799886 0.009463442 0.054865628 -0.007813117 0.999968529 0.001361966 -1.230845809 -0.009452521 -0.001435803 0.999954283 9.411611557
0.999932885 0.004881933 0.010507524 0.083342686 -0.004898948 0.999986708 0.001594157 -1.489395857 -0.010499602 -0.001645525 0.999943495 11.310824394
0.999905765 0.005925813 0.012383977 0.097634196 -0.005936128 0.999982059 0.000796264 -1.739042401 -0.012379037 -0.000869702 0.999922991 13.169534683
0.999902964 0.003084143 0.013584114 0.135194078 -0.003082775 0.999995232 -0.000121684 -1.996754169 -0.013584425 0.000079796 0.999907732 15.111520767
0.999882698 0.002549896 0.015102133 0.166286796 -0.002565451 0.999996185 0.001010701 -2.230379581 -0.015099499 -0.001049326 0.999885440 16.981725693
0.999860823 0.001756921 0.016592059 0.196144983 -0.001811649 0.999992967 0.003283983 -2.476553917 -0.016586173 -0.003313585 0.999856949 18.877573013
0.999844909 0.001545296 0.017544501 0.226541236 -0.001633640 0.999986053 0.005022250 -2.715927839 -0.017536495 -0.005050132 0.999833465 20.733900070
0.999807477 0.002163771 0.019503158 0.222773090 -0.002253533 0.999986947 0.004581631 -2.951974154 -0.019492991 -0.004624700 0.999799311 22.492506027
0.999809623 0.000144580 0.019511897 0.244987562 -0.000166985 0.999999344 0.001146647 -3.216203928 -0.019511718 -0.001149687 0.999808967 24.348733902
0.999807596 -0.002022055 0.019511934 0.289347708 0.002065463 0.999995410 -0.002204787 -3.484036446 -0.019507386 0.002244664 0.999807179 26.291408539
0.999821126 -0.003716637 0.018545439 0.296602905 0.003756596 0.999990702 -0.002120314 -3.700659037 -0.018537385 0.002189602 0.999825776 28.021018982
0.999830842 -0.005945006 0.017404836 0.334240735 0.005933483 0.999982119 0.000713660 -3.931209326 -0.017408766 -0.000610268 0.999848247 29.871301651
0.999850571 -0.006196235 0.016139459 0.351567477 0.006124471 0.999971151 0.004492121 -4.171524525 -0.016166829 -0.004392604 0.999859631 31.704154968
0.999837935 -0.009711022 0.015157244 0.413201749 0.009606687 0.999929786 0.006941160 -4.444069862 -0.015223586 -0.006794424 0.999861002 33.640743256
0.999866784 -0.004984329 0.015541209 0.413696080 0.004895620 0.999971509 0.005740759 -4.680045128 -0.015569380 -0.005663911 0.999862731 35.442165375
0.999881148 -0.004522863 0.014738820 0.443221360 0.004497033 0.999988317 0.001785173 -4.936854362 -0.014746721 -0.001718679 0.999889791 37.321506500
0.999890089 -0.005532959 0.013755606 0.487073720 0.005528977 0.999984682 0.000327485 -5.202612877 -0.013757208 -0.000251394 0.999905348 39.232250214
0.999900460 -0.000684188 0.014091762 0.487023294 0.000668933 0.999999166 0.001087211 -5.434017181 -0.014092494 -0.001077677 0.999900103 41.071987152
0.999908328 -0.001942103 0.013399050 0.520909071 0.001917265 0.999996424 0.001866329 -5.693830967 -0.013402626 -0.001840468 0.999908507 42.917938232
0.999914706 -0.004760396 0.012162413 0.548976123 0.004745355 0.999987960 0.001265223 -5.964774132 -0.012168290 -0.001207400 0.999925256 44.841262817
0.999918640 -0.004535776 0.011920262 0.570438385 0.004540412 0.999989629 -0.000361932 -6.196884155 -0.011918496 0.000416026 0.999928892 46.706256866
0.999924898 -0.004465415 0.011410641 0.572506368 0.004476007 0.999989569 -0.000902899 -6.417470932 -0.011406491 0.000953906 0.999934494 48.483840942
0.999926448 -0.004872421 0.011107067 0.590220153 0.004867804 0.999988079 0.000442646 -6.673382282 -0.011109091 -0.000388546 0.999938190 50.355514526
0.999939203 -0.005363228 0.009636579 0.609141290 0.005339092 0.999982536 0.002528614 -6.919927597 -0.009649973 -0.002477010 0.999950349 52.215847015
0.999939561 -0.005433696 0.009556143 0.642774403 0.005397294 0.999978125 0.003830932 -7.162311077 -0.009576749 -0.003779123 0.999947011 54.134048462
0.999944627 -0.005630548 0.008890671 0.650844157 0.005593499 0.999975622 0.004186528 -7.390304565 -0.008914026 -0.004136566 0.999951720 55.945178986
0.999941945 -0.006443766 0.008636100 0.661609173 0.006407463 0.999970555 0.004224799 -7.632385254 -0.008663069 -0.004169219 0.999953806 57.753238678
0.999938726 -0.007449015 0.008189881 0.682265878 0.007428728 0.999969244 0.002504728 -7.904685020 -0.008208288 -0.002443734 0.999963343 59.631755829
0.999950767 -0.005294065 0.008390825 0.700670838 0.005301162 0.999985635 -0.000823753 -8.148368835 -0.008386344 0.000868193 0.999964476 61.491252899
0.999951243 -0.004313986 0.008884679 0.719253659 0.004332329 0.999988496 -0.002046426 -8.399958611 -0.008875749 0.002084818 0.999958456 63.339458466
0.999944568 -0.004004116 0.009736261 0.744319737 0.004010456 0.999991775 -0.000631759 -8.649377823 -0.009733652 0.000670771 0.999952376 65.215057373
0.999933541 -0.004072474 0.010784294 0.777413845 0.004053289 0.999990165 0.001800292 -8.901584625 -0.010791520 -0.001756461 0.999940217 67.160743713
0.999920309 -0.003882086 0.012011900 0.796069443 0.003827290 0.999982178 0.004581467 -9.137598038 -0.012029472 -0.004535129 0.999917388 69.055145264
0.999892056 -0.005816082 0.013494064 0.824225068 0.005742075 0.999968290 0.005516674 -9.384202003 -0.013525722 -0.005438595 0.999893725 70.841529846
0.999874234 -0.008076978 0.013646652 0.852592945 0.008025263 0.999960423 0.003840048 -9.637984276 -0.013677129 -0.003730047 0.999899507 72.744178772
0.999843478 -0.009567198 0.014882749 0.893433273 0.009546484 0.999953389 0.001462243 -9.885856628 -0.014896045 -0.001319937 0.999888182 74.635734558
0.999812603 -0.011143896 0.015830224 0.928610444 0.011131092 0.999937654 0.000896671 -10.144755363 -0.015839228 -0.000720295 0.999874294 76.509529114
0.999793589 -0.010443005 0.017426172 0.957718313 0.010432086 0.999945343 0.000717415 -10.382498741 -0.017432710 -0.000535476 0.999847889 78.363807678
0.999782324 -0.010926568 0.017775575 0.994331062 0.010913975 0.999940097 0.000805368 -10.639558792 -0.017783308 -0.000611190 0.999841690 80.294372559
0.999773383 -0.009841620 0.018875420 1.030168533 0.009838003 0.999951541 0.000284497 -10.874815941 -0.018877305 -0.000098736 0.999821782 82.105812073
0.999772429 -0.009155769 0.019267153 1.083252788 0.009160638 0.999958038 -0.000164475 -11.138007164 -0.019264840 0.000340937 0.999814332 83.994079590
0.999772906 -0.009289096 0.019180913 1.106310964 0.009307348 0.999956310 -0.000862549 -11.379681587 -0.019172061 0.001040876 0.999815643 85.824256897
0.999765873 -0.010758154 0.018773925 1.152947068 0.010743262 0.999941885 0.000893934 -11.622248650 -0.018782452 -0.000692032 0.999823332 87.728462219
0.999755979 -0.011239273 0.019018138 1.182922244 0.011157395 0.999928057 0.004405876 -11.861401558 -0.019066287 -0.004192608 0.999809444 89.602622986
0.999747872 -0.012701775 0.018516965 1.235515118 0.012579615 0.999898434 0.006698802 -12.112440109 -0.018600170 -0.006464176 0.999806106 91.428085327
0.999708891 -0.014753353 0.019091439 1.259693384 0.014623957 0.999869287 0.006899655 -12.345931053 -0.019190736 -0.006618455 0.999793947 93.256958008
0.999681056 -0.016895294 0.018772168 1.303008437 0.016802445 0.999845862 0.005092801 -12.601199150 -0.018855320 -0.004775758 0.999810815 95.108474731
0.999658287 -0.019028626 0.017922740 1.341933966 0.018995419 0.999817550 0.002021275 -12.850763321 -0.017957933 -0.001680135 0.999837339 97.014221191
0.999625206 -0.021004563 0.017555885 1.391857982 0.020994915 0.999779284 0.000733669 -13.108442307 -0.017567422 -0.000364810 0.999845624 98.892639160
0.999667525 -0.019110736 0.017310759 1.409276009 0.019093420 0.999817014 0.001165089 -13.338277817 -0.017329859 -0.000834180 0.999849498 100.718727112
0.999665678 -0.019480981 0.017000545 1.449172497 0.019454408 0.999809265 0.001727038 -13.587960243 -0.017030947 -0.001395725 0.999853969 102.578239441
0.999658704 -0.020496115 0.016199647 1.487564206 0.020486739 0.999789834 0.000744558 -13.829350471 -0.016211504 -0.000412425 0.999868512 104.451065063
0.999676466 -0.019535853 0.016287496 1.511135101 0.019535551 0.999809146 0.000177588 -14.087298393 -0.016287858 0.000140654 0.999867320 106.332839966
0.999701202 -0.018453974 0.016030928 1.546362758 0.018465407 0.999829352 -0.000565336 -14.346644402 -0.016017759 0.000861185 0.999871314 108.217147827
0.999725342 -0.017197236 0.015921013 1.568085551 0.017224085 0.999850452 -0.001550732 -14.596150398 -0.015891964 0.001824531 0.999872029 110.054435730
0.999746084 -0.016952761 0.014843620 1.615998268 0.016977545 0.999854684 -0.001545353 -14.849140167 -0.014815265 0.001796969 0.999888659 111.873947144
0.999783874 -0.014428960 0.014967814 1.624526978 0.014428444 0.999895871 0.000142486 -15.082032204 -0.014968311 0.000073507 0.999887943 113.764114380
0.999804020 -0.013362096 0.014607958 1.661773801 0.013328568 0.999908328 0.002390138 -15.331853867 -0.014638555 -0.002194966 0.999890447 115.614746094
0.999820769 -0.012354644 0.014345871 1.686394453 0.012306983 0.999918461 0.003405916 -15.572443008 -0.014386781 -0.003228751 0.999891281 117.497085571
0.999816775 -0.012505328 0.014491322 1.716946602 0.012455337 0.999916196 0.003534926 -15.814823151 -0.014534312 -0.003353784 0.999888718 119.309638977
0.999826014 -0.012420512 0.013917735 1.738032460 0.012389786 0.999920607 0.002291817 -16.058952332 -0.013945095 -0.002118980 0.999900520 121.166900635
0.999832451 -0.010916208 0.014692890 1.761504531 0.010894015 0.999939382 0.001589679 -16.306247711 -0.014709352 -0.001429348 0.999890804 123.020080566
0.999844134 -0.011079786 0.013746693 1.795257449 0.011061426 0.999937832 0.001410853 -16.562587738 -0.013761469 -0.001258575 0.999904513 124.885856628
0.999836743 -0.010313300 0.014838399 1.819586277 0.010295322 0.999946177 0.001287425 -16.806554794 -0.014850879 -0.001134449 0.999889076 126.739852905
0.999842703 -0.010553129 0.014255336 1.850559115 0.010531219 0.999943256 0.001611174 -17.050014496 -0.014271530 -0.001460795 0.999897063 128.626785278
0.999839246 -0.010571092 0.014482067 1.881978989 0.010540878 0.999942124 0.002161106 -17.301647186 -0.014504074 -0.002008105 0.999892771 130.432449341
0.999840617 -0.010724613 0.014272992 1.909648299 0.010705259 0.999941647 0.001431707 -17.546028137 -0.014287514 -0.001278683 0.999897122 132.295333862
0.999842584 -0.010409612 0.014367826 1.934220195 0.010407805 0.999945819 0.000200584 -17.798452377 -0.014369136 -0.000051015 0.999896765 134.172668457
0.999832094 -0.011723637 0.014085050 1.968999386 0.011730996 0.999931097 -0.000440041 -18.059692383 -0.014078920 0.000605198 0.999900699 136.027130127
0.999821424 -0.012497077 0.014177253 1.996597886 0.012494696 0.999921918 0.000256530 -18.302932739 -0.014179352 -0.000079344 0.999899447 137.872543335
0.999803483 -0.013848579 0.014185957 2.034021854 0.013839129 0.999903917 0.000764000 -18.559967041 -0.014195175 -0.000567529 0.999899089 139.754669189
0.999801815 -0.013835549 0.014316529 2.058021307 0.013829924 0.999904215 0.000491871 -18.807842255 -0.014321964 -0.000293777 0.999897420 141.597412109
0.999814451 -0.012566027 0.014598056 2.083491564 0.012556882 0.999920905 0.000718024 -19.039394379 -0.014605924 -0.000534585 0.999893188 143.477157593
0.999826789 -0.011910748 0.014299267 2.116292000 0.011858501 0.999922693 0.003733074 -19.275178909 -0.014342626 -0.003562860 0.999890804 145.374801636
0.999854565 -0.009016402 0.014474418 2.142794371 0.008923970 0.999939442 0.006437849 -19.501859665 -0.014531588 -0.006307743 0.999874532 147.148590088
0.999861538 -0.009493927 0.013667639 2.183711290 0.009383125 0.999922752 0.008148232 -19.756763458 -0.013743943 -0.008018858 0.999873400 148.994522095
0.999856710 -0.008738652 0.014499780 2.194598436 0.008648956 0.999943137 0.006237269 -20.013128281 -0.014553461 -0.006110967 0.999875426 150.875366211
0.999838173 -0.010880976 0.014324742 2.222058058 0.010826672 0.999933898 0.003863028 -20.246635437 -0.014365829 -0.003707313 0.999889910 152.719406128
0.999830246 -0.011631860 0.014290453 2.262377501 0.011562469 0.999921024 0.004928871 -20.471591949 -0.014346656 -0.004762801 0.999885738 154.545410156
0.999813616 -0.013408595 0.013890694 2.283146143 0.013296156 0.999878347 0.008155477 -20.716207504 -0.013998357 -0.007969265 0.999870241 156.392868042
0.999819338 -0.012415041 0.014394126 2.321950197 0.012339693 0.999909759 0.005311632 -20.990653992 -0.014458771 -0.005133052 0.999882281 158.257980347
0.999841273 -0.009270942 0.015212848 2.332895041 0.009334097 0.999948084 -0.004085626 -21.241806030 -0.015174181 0.004226976 0.999875903 160.097839355
0.999835849 -0.007665190 0.016416794 2.373961926 0.007813766 0.999928951 -0.009005293 -21.495744705 -0.016346598 0.009132093 0.999824703 161.978836060
0.999836147 -0.004784977 0.017457671 2.395003557 0.004862519 0.999978483 -0.004401965 -21.701948166 -0.017436232 0.004486132 0.999837935 163.854446411
0.999829888 -0.005321979 0.017659394 2.447271824 0.005192086 0.999959171 0.007393192 -21.932693481 -0.017698022 -0.007300246 0.999816716 165.702651978
0.999809504 -0.008627518 0.017508835 2.489098787 0.008368283 0.999855101 0.014825579 -22.190673828 -0.017634206 -0.014676236 0.999736786 167.514266968
0.999782383 -0.009642472 0.018499862 2.506615639 0.009502177 0.999925554 0.007656503 -22.450141907 -0.018572312 -0.007479048 0.999799550 169.334930420
0.999774814 -0.011231695 0.018003892 2.543790579 0.011352398 0.999913692 -0.006616193 -22.721475601 -0.017928027 0.006819091 0.999816000 171.137512207
0.999750435 -0.011631072 0.019074466 2.590562344 0.011894043 0.999834955 -0.013731537 -22.980525970 -0.018911608 0.013954982 0.999723792 173.087478638
0.999755859 -0.010980723 0.019175278 2.642609358 0.011155637 0.999896944 -0.009038854 -23.219306946 -0.019074047 0.009250561 0.999775290 174.934555054
0.999730945 -0.012143656 0.019762078 2.677810907 0.012104475 0.999924541 0.002101015 -23.436712265 -0.019786103 -0.001861240 0.999802530 176.790603638
0.999729156 -0.011362651 0.020311613 2.718614340 0.011145402 0.999879837 0.010777256 -23.666957855 -0.020431630 -0.010547956 0.999735594 178.650253296
0.999731362 -0.010678017 0.020572068 2.750489473 0.010437001 0.999876082 0.011787604 -23.895149231 -0.020695386 -0.011569726 0.999718904 180.481521606
0.999728024 -0.009065284 0.021487249 2.780392885 0.008965119 0.999948502 0.004753414 -24.138212204 -0.021529233 -0.004559485 0.999757826 182.227569580
0.999755800 -0.006276081 0.021187929 2.805388927 0.006333619 0.999976456 -0.002649608 -24.394140244 -0.021170801 0.002783158 0.999772012 184.111053467
0.999743342 -0.006223122 0.021782195 2.839578152 0.006305550 0.999973238 -0.003717521 -24.656324387 -0.021758476 0.003853916 0.999755800 186.000488281
0.999739408 -0.008600245 0.021146879 2.886044979 0.008600860 0.999962986 0.000061861 -24.900571823 -0.021146629 0.000120036 0.999776363 187.806991577
0.999705195 -0.009836777 0.022197321 2.923275948 0.009757834 0.999945700 0.003661897 -25.118690491 -0.022232138 -0.003444220 0.999746919 189.610763550
0.999686360 -0.011468424 0.022264395 2.973358154 0.011345428 0.999919713 0.005642815 -25.364147186 -0.022327323 -0.005388445 0.999736190 191.475448608
0.999666035 -0.012026606 0.022874275 3.015362501 0.011933021 0.999919891 0.004223359 -25.612909317 -0.022923237 -0.003948990 0.999729455 193.327972412
0.999683857 -0.010914177 0.022650450 3.060081244 0.010901621 0.999940336 0.000677725 -25.846940994 -0.022656497 -0.000430584 0.999743223 195.132156372
0.999685049 -0.010203217 0.022926899 3.101965666 0.010202189 0.999947965 0.000161791 -26.089576721 -0.022927357 0.000072165 0.999737144 196.975082397
0.999684274 -0.011395259 0.022394642 3.168107986 0.011342783 0.999932647 0.002468900 -26.343507767 -0.022421267 -0.002214103 0.999746144 198.874633789
0.999695361 -0.009169720 0.022915397 3.167710543 0.009061059 0.999947250 0.004841173 -26.572326660 -0.022958580 -0.004632060 0.999725699 200.652481079
0.999696136 -0.009119804 0.022901462 3.213842630 0.008992503 0.999943554 0.005655488 -26.810174942 -0.022951746 -0.005447829 0.999721706 202.470046997
0.999680102 -0.009827103 0.023304690 3.244887829 0.009730726 0.999943614 0.004245359 -27.039514542 -0.023345094 -0.004017230 0.999719381 204.287643433
0.999652863 -0.012175692 0.023365008 3.287211180 0.012160664 0.999925733 0.000785197 -27.292715073 -0.023372835 -0.000500791 0.999726713 206.091705322
0.999640405 -0.014212784 0.022739239 3.327003717 0.014243712 0.999897838 -0.001198662 -27.549102783 -0.022719879 0.001522123 0.999740720 207.976318359
0.999629736 -0.014680853 0.022910247 3.367955685 0.014692832 0.999891996 -0.000354567 -27.795475006 -0.022902565 0.000691052 0.999737442 209.833450317
0.999639034 -0.014829186 0.022402287 3.411463499 0.014783680 0.999888301 0.002195621 -28.031974792 -0.022432342 -0.001863640 0.999746621 211.618759155
0.999636412 -0.014227251 0.022904003 3.453886271 0.014121914 0.999888957 0.004754272 -28.271730423 -0.022969099 -0.004429095 0.999726355 213.458328247
0.999676466 -0.012283942 0.022272725 3.492744446 0.012177804 0.999913871 0.004894732 -28.501022339 -0.022330932 -0.004621916 0.999739945 215.253402710
0.999675572 -0.010709793 0.023109503 3.531032801 0.010642317 0.999938726 0.003040856 -28.747543335 -0.023140654 -0.002793931 0.999728322 217.084014893
0.999688387 -0.011044211 0.022385921 3.572635412 0.011011322 0.999938130 0.001591914 -28.991880417 -0.022402119 -0.001344919 0.999748111 218.904144287
0.999687791 -0.012112804 0.021853976 3.621317148 0.012077104 0.999925494 0.001764818 -29.253911972 -0.021873724 -0.001500334 0.999759614 220.804168701
0.999702394 -0.012338004 0.021043707 3.654367447 0.012276080 0.999919951 0.003069286 -29.477230072 -0.021079890 -0.002810038 0.999773860 222.538024902
0.999684811 -0.014054609 0.020803213 3.692076445 0.013962887 0.999892175 0.004547740 -29.714633942 -0.020864885 -0.004255834 0.999773264 224.347122192
0.999687195 -0.014820693 0.020145422 3.737491369 0.014727656 0.999880195 0.004758877 -29.952096939 -0.020213539 -0.004460693 0.999785721 226.191574097
0.999674857 -0.014716173 0.020822480 3.750672102 0.014633134 0.999884367 0.004134696 -30.197566986 -0.020880919 -0.003828653 0.999774635 227.980895996
0.999688387 -0.014478446 0.020335929 3.794083834 0.014428423 0.999892533 0.002604433 -30.428438187 -0.020371450 -0.002310206 0.999789834 229.745635986
0.999705672 -0.014784344 0.019235555 3.834506035 0.014746020 0.999889016 0.002132684 -30.675382614 -0.019264951 -0.001848408 0.999812722 231.558898926
0.999727666 -0.012760391 0.019539390 3.857707262 0.012731398 0.999917686 0.001607415 -30.901456833 -0.019558292 -0.001358213 0.999807775 233.338836670
0.999742985 -0.012401153 0.018979322 3.875491858 0.012366812 0.999921679 0.001925766 -31.140287399 -0.019001719 -0.001690557 0.999818027 235.093002319
0.999737144 -0.013116755 0.018804478 3.907666683 0.013079796 0.999912262 0.002087047 -31.382104874 -0.018830204 -0.001840539 0.999821007 236.914596558
0.999740362 -0.013910139 0.018047906 3.945041418 0.013864363 0.999900341 0.002659079 -31.614900589 -0.018083096 -0.002408165 0.999833584 238.732955933
0.999726534 -0.015400173 0.017599702 3.991355419 0.015333051 0.999874651 0.003942387 -31.860139847 -0.017658211 -0.003671451 0.999837339 240.569488525
0.999730885 -0.016013993 0.016785823 4.016953468 0.015933407 0.999860942 0.004923700 -32.091522217 -0.016862337 -0.004654919 0.999846995 242.366394043
0.999729931 -0.015880134 0.016966775 4.046326637 0.015790392 0.999860704 0.005410239 -32.326141357 -0.017050326 -0.005140866 0.999841392 244.167068481
0.999737263 -0.015914459 0.016496928 4.068872452 0.015815958 0.999856412 0.006084279 -32.561233521 -0.016591387 -0.005821765 0.999845386 245.959182739
0.999731243 -0.016339462 0.016446607 4.103217125 0.016232062 0.999846160 0.006642770 -32.793960571 -0.016552618 -0.006374022 0.999842703 247.752243042
0.999719203 -0.018232513 0.015134761 4.134318352 0.018136673 0.999814749 0.006445816 -33.035140991 -0.015249481 -0.006169512 0.999864697 249.537689209
0.999713123 -0.018459592 0.015259994 4.142206669 0.018388536 0.999819458 0.004783593 -33.263065338 -0.015345542 -0.004501611 0.999872088 251.264343262
0.999718785 -0.018984471 0.014210220 4.169468403 0.018942058 0.999815762 0.003113312 -33.499042511 -0.014266707 -0.002843266 0.999894202 253.011383057
0.999726236 -0.018428883 0.014415747 4.200317383 0.018399367 0.999828339 0.002177460 -33.740802765 -0.014453400 -0.001911623 0.999893725 254.845230103
0.999748230 -0.017468175 0.014081994 4.219899654 0.017423136 0.999842703 0.003314695 -33.972702026 -0.014137682 -0.003068508 0.999895334 256.610717773
0.999751270 -0.017510928 0.013812413 4.242947102 0.017437141 0.999833167 0.005444594 -34.205211639 -0.013905449 -0.005202391 0.999889791 258.374664307
0.999768376 -0.016956160 0.013253098 4.264393330 0.016881043 0.999840915 0.005759235 -34.437431335 -0.013348645 -0.005534175 0.999895573 260.105102539
0.999780834 -0.016233927 0.013220943 4.286968231 0.016164323 0.999854982 0.005354722 -34.679676056 -0.013305954 -0.005139841 0.999898255 261.898956299
0.999792159 -0.016207084 0.012366092 4.314576149 0.016149852 0.999858499 0.004713980 -34.912746429 -0.012440741 -0.004513291 0.999912441 263.656860352
0.999790609 -0.016650647 0.011894373 4.331723690 0.016593292 0.999850273 0.004904481 -35.141471863 -0.011974255 -0.004706087 0.999917209 265.376220703
0.999792457 -0.017115984 0.011049708 4.363734245 0.017054830 0.999838829 0.005605109 -35.373287201 -0.011143865 -0.005415495 0.999923229 267.102142334
0.999799967 -0.016155284 0.011793362 4.370363712 0.016080707 0.999850273 0.006391418 -35.597076416 -0.011894852 -0.006200494 0.999910057 268.822570801
0.999821246 -0.015029820 0.011468445 4.391479492 0.014958840 0.999868572 0.006249980 -35.823688507 -0.011560873 -0.006077308 0.999914706 270.525909424
0.999840617 -0.012868671 0.012372764 4.398019314 0.012793232 0.999899209 0.006157193 -36.049766541 -0.012450751 -0.005997924 0.999904513 272.222198486
0.999848783 -0.012947080 0.011610333 4.423970699 0.012873407 0.999896646 0.006397853 -36.257972717 -0.011691967 -0.006247421 0.999912143 273.896423340
0.999859333 -0.011947448 0.011772999 4.450203896 0.011848605 0.999894261 0.008430081 -36.478897095 -0.011872471 -0.008289401 0.999895155 275.638366699
0.999860823 -0.012157713 0.011426676 4.479590416 0.012045863 0.999879360 0.009806953 -36.702568054 -0.011544527 -0.009667944 0.999886632 277.346588135
0.999861658 -0.011418142 0.012094330 4.498634815 0.011312830 0.999897778 0.008740454 -36.933708191 -0.012192894 -0.008602425 0.999888659 279.008544922
0.999861479 -0.011982501 0.011550163 4.529070377 0.011906699 0.999907255 0.006609417 -37.158401489 -0.011628290 -0.006470977 0.999911427 280.679656982
0.999830484 -0.013176018 0.012861012 4.541970253 0.013100417 0.999896526 0.005944914 -37.370819092 -0.012938012 -0.005775422 0.999899626 282.340301514
0.999825954 -0.014099176 0.012220027 4.572133064 0.014012010 0.999875963 0.007189639 -37.599025726 -0.012319880 -0.007017160 0.999899507 283.988494873
0.999800980 -0.015086335 0.013055815 4.601370811 0.014993069 0.999861598 0.007212261 -37.811321259 -0.013162815 -0.007015079 0.999888778 285.659484863
0.999808013 -0.015215324 0.012347626 4.633274555 0.015133642 0.999863148 0.006681917 -38.030807495 -0.012447604 -0.006493769 0.999901414 287.288543701
0.999811649 -0.013527671 0.013918479 4.646775246 0.013451127 0.999893963 0.005578376 -38.244552612 -0.013992465 -0.005390106 0.999887586 288.929626465
0.999831438 -0.011995209 0.013898032 4.674066067 0.011910196 0.999909937 0.006183678 -38.453018188 -0.013970954 -0.006017107 0.999884307 290.549407959
0.999818921 -0.011005154 0.015523753 4.693679810 0.010887552 0.999911547 0.007639929 -38.670406342 -0.015606458 -0.007469530 0.999850333 292.203582764
0.999821424 -0.011877715 0.014697033 4.728746414 0.011757960 0.999897182 0.008207976 -38.900142670 -0.014793013 -0.008033703 0.999858320 293.852844238
0.999789417 -0.013379570 0.015558511 4.752996445 0.013286266 0.999893248 0.006084906 -39.114192963 -0.015638264 -0.005876910 0.999860466 295.452575684
0.999807477 -0.012312533 0.015276541 4.775168419 0.012253243 0.999917030 0.003968618 -39.306148529 -0.015324137 -0.003780667 0.999875426 297.005798340
0.999746680 -0.015719291 0.016107049 4.817472935 0.015660789 0.999870300 0.003751837 -39.523918152 -0.016163938 -0.003498638 0.999863207 298.622009277
0.999742210 -0.016627129 0.015460414 4.850168705 0.016566046 0.999854505 0.004070630 -39.744960785 -0.015525847 -0.003813463 0.999872208 300.230010986
0.999720633 -0.017576724 0.015803864 4.908566475 0.017518528 0.999839246 0.003813460 -39.971424103 -0.015868353 -0.003535534 0.999867857 301.868652344
0.999709368 -0.017510131 0.016571138 4.913279057 0.017477244 0.999844968 0.002127436 -40.175254822 -0.016605821 -0.001837200 0.999860406 303.463439941
0.999709785 -0.017176636 0.016889628 4.968018055 0.017137945 0.999850154 0.002432849 -40.397884369 -0.016928885 -0.002142689 0.999854386 305.088592529
0.999713242 -0.016374987 0.017472081 4.983654022 0.016309023 0.999859333 0.003911317 -40.594501495 -0.017533671 -0.003625243 0.999839723 306.690795898
0.999722719 -0.015886525 0.017382473 5.029695988 0.015793605 0.999860287 0.005469821 -40.806358337 -0.017466940 -0.005193773 0.999833941 308.304473877
0.999724865 -0.014963317 0.018064812 5.046704769 0.014866079 0.999874353 0.005505007 -41.027671814 -0.018144917 -0.005234940 0.999821663 309.925537109
0.999745071 -0.013191726 0.018322906 5.071519852 0.013123967 0.999906600 0.003813417 -41.239810944 -0.018371498 -0.003571976 0.999824822 311.544555664
0.999704540 -0.015444872 0.018768586 5.112236977 0.015423507 0.999880254 0.001282520 -41.477821350 -0.018786147 -0.000992664 0.999823034 313.201843262
0.999684453 -0.017295517 0.018215822 5.146466732 0.017304629 0.999850214 -0.000342752 -41.684623718 -0.018207164 0.000657861 0.999834001 314.840759277
0.999655604 -0.017967209 0.019126983 5.197084427 0.017931398 0.999837160 0.002042179 -41.885700226 -0.019160559 -0.001698502 0.999814987 316.481689453
0.999613643 -0.020689761 0.018560408 5.234842777 0.020587498 0.999771893 0.005683971 -42.103828430 -0.018673776 -0.005299663 0.999811590 318.117034912
0.999565721 -0.021540329 0.020109206 5.260879517 0.021411624 0.999749005 0.006593805 -42.316169739 -0.020246193 -0.006160371 0.999776065 319.688415527
0.999570012 -0.020793522 0.020672863 5.297114372 0.020730311 0.999779761 0.003267373 -42.537075043 -0.020736249 -0.002837413 0.999780953 321.299102783
0.999528587 -0.021419972 0.021995401 5.350044250 0.021441214 0.999769866 -0.000730320 -42.761024475 -0.021974696 0.001201583 0.999757826 322.942626953
0.999494135 -0.022455892 0.022521313 5.381893158 0.022507219 0.999744594 -0.002028192 -42.978855133 -0.022470016 0.002534058 0.999744296 324.574523926
0.999497890 -0.021886794 0.022911614 5.432804585 0.021855338 0.999759853 0.001622404 -43.183166504 -0.022941621 -0.001120848 0.999736190 326.190032959
0.999508500 -0.021301152 0.023000689 5.465269089 0.021165429 0.999757230 0.006128224 -43.395191193 -0.023125643 -0.005638392 0.999716640 327.841552734
0.999531388 -0.020017935 0.023158124 5.513275146 0.019826634 0.999767601 0.008460999 -43.608978271 -0.023322115 -0.007997886 0.999696016 329.504638672
0.999526978 -0.020094993 0.023280026 5.549273968 0.019880908 0.999758244 0.009391372 -43.819324493 -0.023463117 -0.008924101 0.999684870 331.108489990
0.999533415 -0.019615373 0.023413582 5.597785473 0.019413969 0.999772787 0.008798568 -44.024868011 -0.023580851 -0.008339912 0.999687135 332.675872803
0.999561131 -0.018289510 0.023302065 5.628923416 0.018137641 0.999812961 0.006712134 -44.249485016 -0.023420470 -0.006286543 0.999705911 334.316406250
0.999598026 -0.016453842 0.023089096 5.668701172 0.016318461 0.999848604 0.006039580 -44.451667786 -0.023184974 -0.005660374 0.999715149 335.895355225
0.999554753 -0.018346785 0.023531305 5.720133305 0.018174028 0.999806464 0.007534618 -44.672912598 -0.023664987 -0.007103605 0.999694705 337.514709473
0.999574721 -0.017911183 0.023011740 5.772104740 0.017754579 0.999817908 0.006991838 -44.887157440 -0.023132782 -0.006580301 0.999710739 339.092132568
0.999500871 -0.019486589 0.024866063 5.773118019 0.019352859 0.999796987 0.005607467 -45.084022522 -0.024970286 -0.005123439 0.999675035 340.611541748
0.999467313 -0.022203660 0.023918474 5.814453602 0.022101661 0.999745488 0.004520473 -45.290367126 -0.024012757 -0.003989427 0.999703705 342.177520752
0.999456465 -0.022150612 0.024415798 5.869375229 0.022076016 0.999750793 0.003320583 -45.493793488 -0.024483267 -0.002779775 0.999696374 343.766326904
0.999450266 -0.023300648 0.023585558 5.912630081 0.023220699 0.999723673 0.003658020 -45.692504883 -0.023664273 -0.003108336 0.999715149 345.360076904
0.999469995 -0.021404034 0.024526512 5.959167480 0.021269007 0.999757230 0.005753130 -45.902797699 -0.024643699 -0.005228427 0.999682605 346.945983887
0.999519646 -0.019492947 0.024092458 5.994400024 0.019368317 0.999797881 0.005395598 -46.106033325 -0.024192765 -0.004926377 0.999695182 348.483581543
0.999503255 -0.019754168 0.024556441 6.052832603 0.019676771 0.999800622 0.003389426 -46.344593048 -0.024618501 -0.002904551 0.999692678 350.122924805
0.999491572 -0.020427926 0.024480022 6.087206841 0.020420497 0.999791324 0.000553369 -46.554031372 -0.024486218 -0.000053193 0.999700189 351.650299072
0.999473929 -0.021001136 0.024715457 6.125657558 0.021022337 0.999778807 -0.000598185 -46.761894226 -0.024697427 0.001117447 0.999694347 353.243835449
0.999440253 -0.023225378 0.024079459 6.174816132 0.023200296 0.999729991 0.001320507 -46.955631256 -0.024103625 -0.000761117 0.999709189 354.806793213
0.999436736 -0.023999391 0.023458375 6.226301670 0.023877287 0.999699950 0.005471434 -47.162265778 -0.023582647 -0.004908230 0.999709845 356.352172852
0.999393761 -0.025564771 0.023634719 6.241711140 0.025400754 0.999651313 0.007214018 -47.365909576 -0.023810903 -0.006609304 0.999694645 357.957153320
0.999348819 -0.029182391 0.021220781 6.290749073 0.029090608 0.999566078 0.004621147 -47.579036713 -0.021346428 -0.004000813 0.999764144 359.503723145
0.999245882 -0.033116162 0.020271953 6.333090305 0.033083767 0.999450743 0.001931268 -47.804298401 -0.020324774 -0.001259139 0.999792635 361.101501465
0.999290347 -0.032673493 0.018742371 6.364728451 0.032665387 0.999466062 0.000738374 -48.002796173 -0.018756490 -0.000125623 0.999824047 362.622131348
0.999373138 -0.030405268 0.018134596 6.409669876 0.030357439 0.999534905 0.002907053 -48.212711334 -0.018214552 -0.002354711 0.999831319 364.257293701
0.999451816 -0.028941389 0.016075095 6.449563980 0.028848749 0.999565959 0.005965362 -48.431037903 -0.016240763 -0.005498346 0.999853015 365.833770752
0.999514997 -0.026719403 0.015996695 6.469186783 0.026629668 0.999628544 0.005796519 -48.639019012 -0.016145632 -0.005367721 0.999855220 367.377471924
0.999568820 -0.025355265 0.014809772 6.490545273 0.025315169 0.999675333 0.002888615 -48.851943970 -0.014878206 -0.002512457 0.999886155 368.983428955
0.999612391 -0.023482364 0.014955653 6.495476723 0.023465067 0.999723792 0.001330955 -49.038677216 -0.014982775 -0.000979504 0.999887288 370.540313721
0.999637485 -0.022980463 0.014026545 6.521252632 0.022948176 0.999733627 0.002458536 -49.251167297 -0.014079306 -0.002135761 0.999898612 372.096740723
0.999671042 -0.021524727 0.013946357 6.537445068 0.021480747 0.999763846 0.003295779 -49.460777283 -0.014014005 -0.002995117 0.999897301 373.660797119
0.999678612 -0.020638689 0.014719427 6.561268330 0.020603232 0.999784470 0.002556543 -49.673664093 -0.014769018 -0.002252454 0.999888420 375.265991211
0.999770761 -0.015032521 0.015245336 6.583233833 0.015012987 0.999886334 0.001394903 -49.883632660 -0.015264572 -0.001165706 0.999882817 376.867645264
0.999788761 -0.010430634 0.017710168 6.604477406 0.010391710 0.999943376 0.002288477 -50.080192566 -0.017733034 -0.002103955 0.999840558 378.413116455
0.999787211 -0.007544308 0.019198734 6.636341095 0.007456052 0.999961317 0.004664410 -50.281475067 -0.019233182 -0.004520271 0.999804795 380.029846191
0.999736309 -0.007319057 0.021764589 6.691638947 0.007200860 0.999958932 0.005504123 -50.508975983 -0.021803981 -0.005345949 0.999747992 381.602752686
0.999710798 -0.007138680 0.022965340 6.730558872 0.007115859 0.999974132 0.001075299 -50.738479614 -0.022972422 -0.000911570 0.999735713 383.121124268
0.999614358 -0.008006550 0.026589820 6.795197487 0.008116962 0.999958873 -0.004047058 -50.973995209 -0.026556322 0.004261325 0.999638259 384.697845459
0.999513745 -0.007859233 0.030174484 6.856456280 0.008039149 0.999950588 -0.005845875 -51.187648773 -0.030127050 0.006085610 0.999527574 386.301239014
0.999386966 -0.006175110 0.034461636 6.912113190 0.006281052 0.999975860 -0.002966798 -51.376804352 -0.034442481 0.003181434 0.999401629 387.872924805
0.999217808 -0.006611941 0.038987931 6.987936020 0.006501093 0.999974430 0.002969230 -51.579132080 -0.039006565 -0.002713443 0.999235272 389.410217285
0.999020696 -0.007579653 0.043591782 7.058059692 0.007328887 0.999955654 0.005909536 -51.791782379 -0.043634646 -0.005584270 0.999031961 390.993225098
0.998772144 -0.006190908 0.049152084 7.165268898 0.005960335 0.999970555 0.004836197 -51.996162415 -0.049180575 -0.004537295 0.998779595 392.627502441
0.998546839 -0.006432879 0.053505689 7.275888443 0.006215557 0.999971747 0.004227077 -52.187988281 -0.053531371 -0.003888367 0.998558581 394.195861816
0.998264253 -0.008117770 0.058331203 7.374943256 0.007727691 0.999946296 0.006909776 -52.383960724 -0.058384161 -0.006447017 0.998273373 395.757812500
0.998057365 -0.011838929 0.061166119 7.479628086 0.011209392 0.999880731 0.010625165 -52.588901520 -0.061284613 -0.009918889 0.998071074 397.333984375
0.997769594 -0.015449540 0.064940035 7.613764763 0.014695921 0.999819219 0.012066584 -52.803329468 -0.065114722 -0.011085317 0.997816205 398.927947998
0.997514606 -0.017722948 0.068194896 7.727100849 0.017142234 0.999811709 0.009091307 -53.008724213 -0.068343177 -0.007899699 0.997630596 400.479553223
0.997160733 -0.019748490 0.072666645 7.836049557 0.019454639 0.999799430 0.004749442 -53.218688965 -0.072745860 -0.003322254 0.997344971 401.960266113
0.996942103 -0.019241780 0.075737998 7.954066277 0.019120872 0.999814510 0.002321271 -53.389938354 -0.075768620 -0.000865996 0.997125030 403.446838379
0.996695161 -0.019294905 0.078907929 8.089633942 0.018916054 0.999805689 0.005545900 -53.562480927 -0.078999601 -0.004034946 0.996866465 404.968475342
0.996329427 -0.024056667 0.082151651 8.222867012 0.023034180 0.999645233 0.013371620 -53.733753204 -0.082444191 -0.011430243 0.996530116 406.545135498
0.996079028 -0.027134879 0.084203519 8.363606453 0.025362505 0.999435186 0.022047702 -53.885471344 -0.084754221 -0.019825641 0.996204615 408.095062256
0.995665848 -0.033063710 0.086927019 8.538494110 0.030877287 0.999175072 0.026378145 -54.068489075 -0.087727465 -0.023579748 0.995865405 409.604400635
0.995405555 -0.036838703 0.088378154 8.729599953 0.035352238 0.999206841 0.018326564 -54.303825378 -0.088983186 -0.015117997 0.995918393 411.274505615
0.995092630 -0.034388494 0.092779480 8.829092979 0.034330551 0.999408066 0.002220989 -54.525688171 -0.092800938 0.000975080 0.995684206 412.709686279
0.994843781 -0.037327170 0.094300501 8.992128372 0.038468823 0.999206543 -0.010317218 -54.811306000 -0.093840562 0.013891649 0.995490313 414.290710449
0.994690597 -0.031903643 0.097840495 9.158244133 0.033391986 0.999349654 -0.013611934 -54.995914459 -0.097342588 0.016806751 0.995109022 415.848236084
0.994476020 -0.032868177 0.099685326 9.310396194 0.033934370 0.999383390 -0.009018423 -55.187606812 -0.099327445 0.012351364 0.994978130 417.370605469
0.994231522 -0.032305960 0.102274388 9.494585991 0.032513443 0.999471247 -0.000361871 -55.380462646 -0.102208614 0.003685076 0.994756162 418.963073730
0.994033575 -0.032929402 0.103984863 9.661366463 0.032438163 0.999453187 0.006412202 -55.578826904 -0.104139149 -0.003000867 0.994558215 420.504516602
0.993789256 -0.033492170 0.106118895 9.832377434 0.032773882 0.999426603 0.008505891 -55.786571503 -0.106342934 -0.004975135 0.994317055 422.018768311
0.993576288 -0.031127844 0.108799197 10.008074760 0.030695762 0.999512851 0.005644339 -55.995037079 -0.108921893 -0.002268407 0.994047701 423.572570801
0.993418932 -0.030303778 0.110456161 10.170877457 0.030336725 0.999538779 0.001382681 -56.196201324 -0.110447116 0.001977297 0.993880033 425.095001221
0.993144214 -0.026989151 0.113737240 10.334077835 0.027106177 0.999632418 0.000517763 -56.393356323 -0.113709405 0.002568768 0.993510723 426.602600098
0.992956817 -0.027794948 0.115170404 10.532224655 0.027621659 0.999613643 0.003100579 -56.597175598 -0.115212083 0.000102456 0.993340909 428.158843994
0.992596686 -0.028041523 0.118175782 10.714320183 0.027485348 0.999602139 0.006333789 -56.788665771 -0.118306376 -0.003038795 0.992972493 429.691802979
0.992401719 -0.029544799 0.119440153 10.912500381 0.028742468 0.999551237 0.008434907 -56.988548279 -0.119635761 -0.004937811 0.992805600 431.210968018
0.992035031 -0.029364262 0.122491658 11.103597641 0.028525800 0.999556124 0.008593508 -57.184841156 -0.122689635 -0.005030889 0.992432356 432.712310791
0.991846025 -0.029430375 0.123997174 11.284613609 0.028789129 0.999561250 0.006960469 -57.381877899 -0.124147616 -0.003333943 0.992258132 434.195312500
0.991604328 -0.029307602 0.125944346 11.517353058 0.028837873 0.999568701 0.005551666 -57.605171204 -0.126052737 -0.001873089 0.992021799 435.815338135
0.991496205 -0.031009411 0.126387224 11.711855888 0.030555321 0.999517798 0.005530426 -57.803562164 -0.126497760 -0.001621595 0.991965592 437.324279785
0.991401911 -0.030675692 0.127205625 11.896234512 0.030124629 0.999526560 0.006254083 -58.002769470 -0.127337262 -0.002368287 0.991856635 438.831695557
0.991270363 -0.030175094 0.128345191 12.087402344 0.029515527 0.999539554 0.007038284 -58.175731659 -0.128498465 -0.003188667 0.991704583 440.340698242
0.991196871 -0.032946743 0.128231436 12.314158440 0.032202013 0.999450326 0.007877160 -58.399723053 -0.128420472 -0.003678507 0.991712987 441.873046875
0.990871191 -0.034283493 0.130379871 12.469337463 0.033669833 0.999409139 0.006908779 -58.564418793 -0.130539700 -0.002455841 0.991440058 443.272369385
0.990930617 -0.033507131 0.130129859 12.670068741 0.033192582 0.999438465 0.004585971 -58.789688110 -0.130210444 -0.000225033 0.991486371 444.781616211
0.990846634 -0.032050136 0.131132454 12.874409676 0.031876888 0.999485970 0.003420623 -58.981616974 -0.131174684 0.000790781 0.991358936 446.272399902
0.990923643 -0.032062981 0.130546346 13.090814590 0.031801123 0.999485850 0.004090619 -59.176456451 -0.130610391 0.000098030 0.991433740 447.786956787
0.990825534 -0.031979956 0.131308958 13.298121452 0.031589530 0.999488115 0.005055830 -59.371280670 -0.131403431 -0.000861458 0.991328597 449.290130615
0.990758836 -0.034047000 0.131292328 13.477285385 0.033683620 0.999420106 0.004988211 -59.571350098 -0.131386027 -0.000519714 0.991331160 450.787139893
0.990738094 -0.035497725 0.131064534 13.698384285 0.035346098 0.999369085 0.003483790 -59.763790131 -0.131105512 0.001181096 0.991367698 452.248077393
0.990628719 -0.038564838 0.131025001 13.897243500 0.038692236 0.999249935 0.001574300 -59.972583771 -0.130987450 0.003510103 0.991377831 453.796478271
0.990598440 -0.039436541 0.130994320 14.084513664 0.039721549 0.999210715 0.000437527 -60.165596008 -0.130908191 0.004769883 0.991383016 455.251953125
